120922
120921
120924
120923
135077
135087
135081
135086
135083
135080
134875
135088
134873
135078
135090
134872
135084
135085
134869
134870
135079
135089
135082
134876
133251
133191
133244
133257
133239
133249
133246
133196
133237
133256
133192
133238
133195
133255
133193
133253
133194
133248
133190
133250
133243
133254
133242
133240
133259
133241
133245
133262
133247
133258
133252
120264
120265
116975
116974
117940
117939
117936
117935
117938
117937
118715
118714
119924
119923
121133
121677
121676
121674
127060
126941
127051
127035
127034
127050
127014
126952
127029
127028
126951
126940
127055
127056
127023
127022
127052
127030
126953
127038
127037
127046
126948
127047
127026
127015
127039
127017
127061
126949
127027
127048
126950
127054
127020
127042
127024
126943
127044
127045
127059
126944
127025
127053
126946
131417
127019
127018
126947
127016
126945
127036
126939
126942
127032
127033
127031
127021
127043
127057
127041
127040
127049
130651
130649
130372
130644
130635
130616
130646
130627
130650
130369
130366
130633
130622
130640
130626
130641
130648
130637
130643
130630
130642
130619
130623
130628
130632
130614
130615
130373
130370
130618
130368
130367
130647
130634
130620
130629
130636
130645
130624
130638
130639
130371
130617
130365
130621
136596
136611
136607
136617
136608
136615
136605
136603
136622
136614
136625
136624
136609
136621
136598
136616
136612
136600
136610
136623
136606
136613
136602
136618
138714
138712
138713
138691
138670
138661
138704
138717
138682
138696
138681
138689
138702
138699
138719
138668
138676
138673
138720
138683
138709
138678
138679
138693
138706
138663
138715
138707
138718
138701
138666
138703
138677
138695
138721
138692
138687
138686
138688
138669
138680
138697
138698
138716
138671
138685
138710
138690
138660
125501
125502
125485
125499
125498
125484
125493
125494
125507
125488
125495
125506
125496
125487
125505
125491
125508
125490
125489
125503
125504
125486
138263
138243
138256
138223
138248
138264
138250
138252
138232
138224
138227
138258
138233
138235
138234
138229
138261
138240
138236
138239
138251
138241
138253
138221
138242
138254
138262
138231
138247
138246
138260
138257
138245
138230
138249
138244
130218
130221
130205
130204
130208
130203
130219
130222
130217
130210
130207
130214
130213
132499
132506
132497
132509
132507
132508
132511
132514
132510
132500
132502
132501
132498
132505
132513
132504
132515
132503
132512
139671
139706
139375
139372
139663
139665
139660
139666
139668
139669
139667
139664
139670
139658
139662
139672
139370
139374
139371
136161
139077
136155
136160
136163
136165
136167
136158
136156
136159
136153
136162
136168
136166
136164
136154
136151
127910
127881
127904
127900
127891
127895
131638
127902
127896
127907
127909
127887
127886
127888
127892
127889
127893
127898
127903
127885
127901
127906
127905
137722
137758
137759
137763
137751
137739
137727
137753
137766
137731
137743
137732
137750
137734
137749
137748
137747
137765
137757
137746
137725
137723
137724
137762
137756
137729
137752
137744
137736
137764
137754
137737
137726
137745
137733
137730
137760
137740
137738
137728
137761
137735
137755
129837
129538
129539
129547
129540
129543
130425
129552
129541
129550
129551
129835
129544
129836
129553
129548
129542
129537
129545
139473
139436
139414
139411
139427
139392
139530
139451
139477
139504
139484
139434
139437
139402
139522
139408
139538
139432
139419
139439
139449
139471
139492
139476
139478
139418
139415
139463
139417
139456
139378
139380
139510
139435
139516
139505
139482
139458
139442
139507
139462
139528
139491
139488
139474
139513
139390
139496
139525
139386
139394
139536
139440
139409
139466
139479
139487
139499
139509
139397
139521
139512
139495
139383
139407
139443
139404
139393
139422
139421
139498
139502
139511
139501
139388
139425
139532
139470
139431
139506
139486
139481
139467
139454
139527
139379
139410
139412
139531
139460
139515
139429
139519
139377
139445
139534
135991
136007
136000
136008
135984
135969
135966
136013
135981
136005
135971
135992
135974
135972
136012
136001
136011
136006
135983
135996
135959
135982
135961
135999
135957
135989
135980
135994
135965
135956
135962
135976
135988
136002
135978
135998
135960
135967
135990
136004
135973
135979
135997
135995
135963
135977
135985
136010
124801
124756
124789
124791
124800
124802
124766
124797
124771
124792
124770
124780
124772
124777
124783
124790
124804
124788
124758
124803
124762
124794
124768
124799
124775
136477
136524
136519
136503
136520
136515
136517
136511
136489
136502
136474
136490
136481
136476
136468
136482
136509
136493
136488
136475
136510
136500
136527
136497
136494
136478
136472
136521
136499
136465
136466
136469
136525
136473
136479
136485
136467
136529
136526
136486
136506
136501
136491
136518
136470
136492
136484
136480
136487
136528
136471
136522
136514
136508
133320
133298
133313
133327
133295
133286
133291
133280
133304
133296
133322
133330
133278
133305
133319
133303
133306
133321
133301
133299
133325
133308
133324
133332
133287
133289
133317
133285
133311
133307
133314
133309
133300
133329
133283
133288
133293
133281
133328
133284
133323
133310
133290
133282
133318
133316
133294
133326
133297
133333
133315
133279
132531
132534
132530
132527
132523
132521
132532
132529
132539
132528
132538
132536
132541
132537
132533
132520
132540
132526
132525
132519
132535
132517
132518
132524
130177
130159
130183
133261
130187
130162
130185
130191
130195
130182
130167
130173
130175
130196
130188
130192
130193
130176
130198
130170
130181
130166
130163
130202
130201
130165
130158
130169
130200
130189
130168
130199
130194
133260
130197
130186
137198
137177
137174
137169
137156
137155
137188
137183
137154
138640
137167
138638
137187
137200
137197
137189
137185
137165
137157
137184
137192
137168
137152
137204
137150
138639
137186
137199
137213
137163
137162
137193
137196
137173
137164
137153
137160
137151
137171
137159
134707
134706
134716
134721
134719
134705
134726
134702
134739
134731
134722
134714
134697
134713
134729
134735
134734
134730
134732
134738
134708
134737
134728
134699
134717
134712
134733
134724
134723
134720
134704
134701
134718
134698
134715
134710
134700
134736
134709
132483
132485
132678
132490
132683
132491
132480
132489
132488
132486
138425
138426
138429
138421
138418
138409
138432
138423
138408
138389
138434
138407
138391
138428
138380
138424
138415
138431
138386
138414
138381
138410
138420
138433
138392
138422
138401
138417
138427
138382
138397
138394
138406
138404
138378
138403
138390
138385
138405
138399
138430
138387
138400
138412
138641
138398
138395
138402
138416
138413
138411
138396
138383
138393
138388
138379
138419
119754
119683
119678
119755
119688
119756
119690
119677
119757
119680
119682
119685
119692
119689
119679
119684
119691
119686
119681
136086
136055
136079
136057
136021
136040
136020
136076
136061
136081
136080
136071
136043
136037
136016
136035
136017
136067
136088
136053
136054
136051
136062
136066
136083
136084
136050
136058
136069
136031
136048
136041
136033
136022
136073
136064
136082
136056
123967
123969
124098
123973
123972
124097
123966
123970
135548
135556
135558
135555
135547
135552
135554
135550
135557
135544
135553
135542
135545
135541
135551
132850
132872
132844
132853
132846
132856
132862
132848
132841
132854
132873
132843
132817
132818
132868
132840
132870
132867
132832
132852
132834
132849
132859
132836
132860
132835
133188
132851
132837
132842
132831
132825
132823
132838
132865
132822
132869
132871
132827
132839
132866
132855
132864
132847
132858
132830
132819
132821
132863
133189
130608
131000
130997
130610
130999
131007
131015
130606
130607
131012
131002
131018
131019
130995
131001
131010
130612
131009
130996
131016
132195
130998
131004
131011
130613
131008
131005
130609
131014
131006
130994
131003
130605
130611
135672
135664
135659
135696
135645
135609
135590
135583
135646
135568
135716
135627
135654
135617
135657
135586
135567
135720
135652
135647
135604
135737
135653
135640
135566
135714
135728
135726
135600
135593
135658
135624
135704
135705
135722
135708
135662
135581
135656
135713
135703
135685
135715
135574
135701
135735
135695
135688
135727
135649
135680
135678
135721
135731
135694
135697
135679
135686
135681
135733
135725
135700
135641
135665
135687
135711
135690
135643
135676
135559
135597
135655
135642
135682
135572
135622
135684
135615
135723
135570
135618
135712
135569
135707
135729
135648
135710
135698
135692
135706
135671
135620
135730
135677
135691
135589
135674
135717
135611
135610
135606
135580
135675
135630
135605
135666
135637
135699
135734
135718
135689
135702
135683
135608
135651
135660
135668
135667
135738
135669
135579
135673
135595
135693
135670
135739
135601
135638
135709
135639
122722
122735
122731
122738
122739
122733
122734
122717
122726
122730
122728
122732
122528
122729
122715
122727
122719
122723
122531
122720
122740
122718
122526
122716
122530
122721
120250
120244
120255
120258
120252
120238
120245
120239
120241
120237
120257
120236
120249
120240
120259
120256
120263
120261
120254
120251
120247
120248
120243
120246
120253
139687
139690
139692
139677
139676
139684
139693
139697
139691
139681
139704
139702
139705
139695
139701
139698
139685
139696
139678
139700
139884
139675
139699
139686
139682
139679
139680
139703
139688
139694
139674
139673
139683
118478
118479
117949
117948
117947
119277
119283
119301
119292
119327
119319
119305
119318
119307
119316
124338
119317
119279
119296
119312
119300
119287
119286
119284
119321
119304
119276
119275
119293
119323
119297
119325
119285
119274
119311
119252
119308
119288
119295
119302
119313
119326
119303
119281
119324
119314
119299
119278
125074
125093
125096
125086
125021
125076
125083
125077
125079
125091
125031
125081
125032
125026
125028
125030
125082
125092
125022
125080
125023
125089
125095
125088
125025
125087
125029
125090
125085
128624
128622
128623
128577
128576
128200
128592
128593
128203
128594
128588
128579
128578
128574
128575
128584
128615
128212
128607
128202
128201
128608
128210
128602
128207
128589
128600
128582
128205
128585
128586
128614
128616
128612
128611
128599
128580
128587
128206
128610
128609
128583
128581
128603
128591
128208
128604
139770
139782
139781
139804
139803
139846
139802
139752
139737
139738
139880
139878
139816
139865
139819
139795
139839
139739
139783
139798
139771
139823
139835
139821
139877
139809
139768
139769
139810
139844
139818
139817
139881
139833
139814
139815
139812
139813
139828
139731
139732
139829
139740
139777
139776
139741
139868
139790
139867
139870
139791
139875
139796
139748
139729
139730
139837
139860
139726
139873
139747
139746
139883
139882
139755
139861
139864
139825
139824
139734
139733
139859
139876
139874
139792
139840
139787
139832
139853
139831
139871
139836
139724
139743
139772
139767
139843
139727
139793
139838
139722
139753
139799
139725
139761
139879
139794
139780
139775
139728
139717
139723
139715
139852
139872
139850
139716
139774
139800
139826
139827
139849
139856
139851
139863
139854
139714
139754
139713
139822
139857
139745
139862
139847
139848
139779
139808
139811
139784
139788
139778
139845
137246
137247
137231
137222
137237
137264
137228
137229
137227
137243
137236
137255
137248
137265
137269
137235
137220
137219
137218
137221
137262
137268
137257
137253
137245
137266
137244
137258
137271
137233
137263
137239
137259
137260
137241
137238
137240
137225
137234
137224
137267
137252
137249
137251
137250
137261
137232
137230
137254
137242
137270
137223
137272
137217
132814
132808
132812
132800
132804
132805
132806
132809
132811
132807
132802
132801
132799
132813
132803
132810
116992
116977
116986
116991
116985
117101
116978
116979
116989
116976
117094
117104
116988
117103
117102
116983
117095
117096
117105
117099
116980
116984
117100
116987
117106
116982
117098
116981
117097
136444
136404
136443
136405
136449
136461
136447
136448
136437
136394
136462
136450
136442
136406
136407
136456
136457
136403
136420
136402
136395
136460
136451
136452
136426
136387
136386
136413
136427
136428
136455
136388
136389
136458
136414
136399
136398
136419
136418
136417
136408
136409
136401
136400
136430
136439
136435
136438
136422
136436
136423
136425
136424
136463
136434
136391
136454
136432
136390
136433
136453
136396
136440
136411
136410
136441
136397
136392
136393
136416
136415
136446
136445
136412
136459
134287
134283
134301
134286
134258
134150
134295
134294
134304
134289
134265
134279
134296
134293
134154
134267
134266
134277
134155
134308
134281
134147
134149
134276
134305
134280
134271
134270
134282
134290
134268
134272
134292
134156
134145
134264
134143
134146
134260
134144
134257
134086
134208
134191
134177
134236
134227
134167
134090
134089
134170
134195
134169
134088
134087
134175
134158
134226
134193
134162
134161
134192
134235
134094
134206
134205
134211
134095
134196
134189
134165
134207
134160
134237
134220
134168
134159
134197
134188
134216
134187
134186
134183
134180
134184
134182
134179
134185
134181
134178
134234
134164
134215
134163
134203
134204
134210
134176
134091
134092
134174
134171
134198
134166
134242
134093
134190
134221
125067
125072
125126
125130
125141
125132
125131
125165
125127
125117
125177
125129
125118
125115
125146
125134
125147
125142
125174
125133
125070
125069
125183
125114
125138
125136
125172
125143
125122
125125
125120
125135
125145
125171
125153
125176
125116
139197
139196
139209
139228
139219
139214
139215
139224
139220
139206
139207
139232
139221
139198
139199
139227
139208
139234
139229
139235
139236
139237
139200
139201
139222
139217
139230
139211
139212
139213
139203
139202
139226
139223
139216
139225
139210
139204
139205
139218
139231
137923
137828
137780
137792
137861
137779
137843
137855
137799
137798
137816
137813
137814
137818
137804
137937
137832
137857
137831
137932
137939
137866
137862
137797
137795
137794
137796
137876
137853
137850
137829
137846
137812
137871
137844
137827
137845
137848
137847
137938
137808
137927
137809
137810
137874
137788
137789
137851
137787
137786
137860
137917
137839
137919
137918
137991
137992
137824
137840
137803
137922
137867
137868
137802
137800
137785
137924
137801
137784
137858
137823
137859
137822
137811
137826
137835
137865
137873
137869
137872
137778
137777
137793
137870
137805
137929
137806
137807
137856
137833
137925
117957
117960
117961
117956
117964
117962
117965
117959
132543
132585
132584
132542
132581
132580
132599
132598
132600
132601
116732
116733
116734
116691
116708
116689
116703
116702
116697
116707
116722
116700
116690
116693
116698
116709
116711
116688
116723
116699
116717
116705
116704
116692
116727
116696
116726
116730
116725
116695
116706
116713
116724
116687
116701
116731
116715
116710
138654
138653
139018
139063
139071
139073
139023
138642
138644
138643
139017
139000
138991
138990
139021
139036
139035
139032
138998
139067
139060
138656
138655
138978
139059
138977
138996
139037
139046
139048
139049
138979
138980
138648
139020
139034
139019
138649
139033
138645
139055
139014
139051
139050
139070
139026
139047
139056
139069
139074
139066
138992
139001
138981
139024
138994
139045
138982
139038
139039
139058
138983
138984
139040
139054
139010
139011
139004
139003
139005
139007
139006
139062
139009
139008
139044
138997
139025
139043
139064
138650
139022
139097
138646
138651
138652
138985
138986
139057
138987
139061
139030
138995
138993
139027
139041
139042
139052
139012
139013
138989
139028
138988
139068
139015
139031
138999
139029
118196
118197
118173
118288
118268
118281
118208
118175
118242
118241
118225
118290
118224
118198
118262
118239
118222
118279
118273
118265
118266
118270
118177
118278
118174
118207
118251
118206
118195
118194
118184
118183
118200
118199
118215
118201
118287
118217
118233
118179
118180
118286
118202
118203
118231
118230
118294
118264
118269
118191
118228
118254
118238
118193
118243
118275
118229
118280
118240
118236
118235
118234
118192
118237
118244
118282
118209
118276
118293
118187
118250
118204
118205
118232
118263
118213
118246
118214
118210
118212
118211
118227
118219
118218
118252
118221
118220
118172
118272
118186
118185
118260
118292
118223
118261
118291
118188
118271
118189
118176
118285
118216
118190
118249
118277
118182
118284
118181
118274
118289
118226
135523
135524
135539
135538
135526
135527
135528
135530
135529
135531
135532
135534
135533
135535
135537
135471
135488
135437
135473
135472
135465
135498
135507
135444
135508
135493
135466
135454
135445
135519
135481
135478
135512
135461
135495
135467
135483
135447
135438
135496
135521
135497
135487
135439
135440
135441
135442
135446
135500
135448
135484
135449
135475
135513
135474
135491
135470
135486
135443
135502
135501
135506
135515
135540
135504
135503
135518
135505
135494
135489
135520
135450
135451
135460
135485
135452
135482
135453
135458
135514
135459
135490
135499
135456
135509
135517
135516
135492
122597
122603
122621
122556
122631
122573
122543
122576
122608
122546
122595
122598
122620
122588
122636
122617
122646
122585
122564
122538
122605
122577
122591
122578
122625
122563
122614
122584
122616
122633
122615
122643
122635
122555
122548
122626
122572
122602
122618
122566
121673
122638
122554
122552
122580
122571
122645
122567
121672
122569
122582
122587
122562
122550
122624
122589
122540
122583
122611
122575
122604
122547
122592
122601
122586
122641
122610
122644
122568
122600
122560
122553
122570
122534
122539
122632
122593
122536
122549
122558
122537
122561
122606
122599
122544
122574
122579
122640
122622
122596
122642
122613
122545
122630
122619
122627
122541
122535
122607
122623
122612
122590
122565
122557
122639
122609
122594
122634
122559
122637
125098
125107
125102
125099
125197
125196
125113
125100
125105
125106
125101
125108
125103
125199
125198
125097
125194
125104
125195
118169
118113
118164
118108
118123
118129
118095
118085
118092
118094
118168
118161
118144
118124
118166
118165
118167
118107
118080
118102
118118
118109
118111
118117
118136
118110
118159
118158
118122
118121
118137
118135
118160
118116
118090
118120
118119
118147
118103
118142
118143
118101
118100
118156
118146
118082
118077
118140
118141
118163
118127
118074
118154
118088
118086
118152
118153
118145
118097
118096
118125
118126
118083
118105
118081
118089
118114
118104
118093
118131
118078
118106
118084
118098
118099
118170
119166
119169
119255
119163
119165
119173
119254
119161
119164
119167
119256
119160
119170
119162
119168
119171
135350
135345
135383
135357
135351
135356
135364
135359
135358
135348
135349
135369
135366
135363
135361
135360
135390
135362
135355
135354
135384
135375
135374
135388
135386
135346
135387
135365
135347
131243
131244
131160
131199
131187
131148
131167
131181
131168
131182
131165
131173
131188
131198
131200
131162
131161
131208
131207
131174
131158
131226
131164
131189
131151
131144
131172
131190
131196
131191
131192
131242
131146
131175
131145
131213
131193
131169
131194
131178
131225
131170
131227
131147
131202
131231
131201
131155
131223
131224
131154
131185
131152
131204
131205
131212
131143
131222
131246
131149
131176
131186
131229
131179
131150
131239
131156
131166
131171
131228
131159
131209
131177
127973
127992
128022
128069
128092
128075
127950
128080
127951
128058
128012
128095
127981
128013
128065
128007
128047
127982
127993
128061
127968
128051
127967
128073
128032
128034
128053
127953
128028
128081
128074
128002
128072
128010
128063
127970
127969
128025
128015
127979
127995
127988
128020
128089
128021
128009
128016
127994
128088
128026
127991
127989
127990
128008
127983
127987
128024
128019
127964
128049
128027
128066
127955
127954
128035
128070
128059
128018
128036
127956
128050
128062
127978
128042
128067
128041
127977
128071
128085
128091
128004
128045
127997
128001
127998
127975
128093
128039
127974
127984
128068
127961
127976
127963
127962
127949
127958
127986
128031
128078
128082
128017
127996
128040
128057
128048
128094
128055
128056
128038
127972
127971
127980
128029
128079
127959
128014
127965
127960
128064
128076
128011
130453
130445
130449
130448
130426
130447
130450
130451
130428
130431
130439
130454
130441
130473
130442
130472
130455
130427
130457
130456
130458
130459
130461
130460
130432
130429
130463
130462
130444
130465
130464
130440
130471
130469
130470
130435
130476
130474
130475
130438
130466
130468
130433
130430
127304
127300
127305
127306
127307
127301
127303
127308
127211
127217
127183
127155
127236
127292
127190
127196
127161
127203
127221
127253
127227
127181
127251
127250
127006
127218
127262
127179
127242
127005
127212
127213
127156
127204
127205
127263
127186
127278
132355
127180
127282
127277
127194
127165
127164
127229
127276
127286
127173
127264
127265
127177
127172
127174
127009
127232
127223
127240
127224
127157
127188
127185
127184
127225
127288
127226
127231
127290
127158
127284
127238
127255
127295
127241
127297
127237
127230
127010
127234
127266
127309
127216
127294
127214
127267
127269
127268
127283
127261
127243
127166
127244
127159
127249
127178
127160
127289
127279
127176
127246
127245
127220
127248
127299
127162
127195
127193
127175
127169
127206
127210
127207
127208
127274
127209
127202
127201
127291
127187
127170
127275
128282
127285
127293
127011
127012
127182
127254
128281
127013
127154
127007
127191
127171
127192
127008
127222
127273
127252
127247
127219
127272
127296
127281
127163
127233
127239
127189
127215
127258
127943
127947
127944
127948
127945
127946
127918
127911
127927
127915
127933
127916
127934
127919
127928
127929
127938
127922
127941
127940
127930
127923
127939
127937
127924
127913
127920
127931
127912
127926
127936
127935
127932
127917
127921
119378
119370
119381
119346
119379
119388
119263
119264
119265
119354
119386
119383
119347
119391
119260
124159
119344
119262
119375
119338
119393
119350
119355
119369
124161
124160
119359
119377
119374
119335
119334
119356
119376
119385
119336
119345
119261
119360
119351
119259
119352
119387
119271
119348
119342
119270
119337
119257
119366
119269
119358
124158
119392
119368
119390
119384
119361
119362
119364
119367
119372
116761
116741
116754
116735
116740
116753
116743
116758
116748
116745
116737
116750
116742
116751
116738
116755
116749
116757
116746
116759
116739
116752
116760
116744
116756
116747
116736
130066
130058
130048
130014
130041
130059
130069
130029
130016
130044
130076
130051
130061
130049
130050
130034
130036
130040
130035
130107
130024
130101
130062
130025
130104
130063
130032
130064
130026
130019
130073
130022
130018
130070
130072
130043
130096
130095
130109
130055
130056
130054
130106
130028
130098
130097
130033
130053
130052
130027
130021
130020
130038
130047
130075
130031
130030
130023
130057
130042
130060
128489
128488
128490
128491
128492
128493
128494
128495
128496
128498
128497
128500
128499
128485
128486
128404
128405
128456
128438
128479
128460
128407
128406
128457
128408
128409
128475
128410
128447
128411
128469
128412
128481
128455
128474
128458
128414
128413
128471
128470
128415
128416
128463
128464
128465
128417
128462
128436
128437
128419
128448
128484
128418
128466
128421
128420
128422
128423
128424
128446
128445
128425
128440
128426
128461
128467
128441
128442
128428
128473
128427
128472
128439
128429
128430
128477
128450
128431
128433
128432
128434
128443
128483
128478
128482
128444
128452
128435
128449
128451
135135
135216
135249
135168
135150
135197
135198
135251
135136
135204
135177
135243
135190
135184
135256
135164
135162
135169
135217
135159
135137
135163
135250
135151
135239
135166
135211
135178
135196
135175
135174
135173
135172
135252
135215
135141
135221
135181
135167
135179
135232
135142
135254
135230
135231
135214
135244
135248
135165
135255
135222
135253
135143
135224
135138
135218
135208
135160
135155
135235
135220
135148
135219
135152
135156
135149
135205
135194
135189
135246
135206
135207
135213
135191
135186
135185
135188
135182
135183
135199
135209
135170
135158
135161
135139
135257
135144
135238
135145
135236
135146
135157
135245
135171
135153
135242
135147
135212
135225
135200
135195
135154
135140
135192
135229
135203
135176
135227
135210
135241
135193
136872
136871
136952
136953
136868
136929
136914
136891
136900
136928
136889
136925
136926
136973
136885
136886
136958
136901
136878
136866
136879
136867
136860
136861
136939
136913
136911
136912
136944
136951
136974
136904
136941
136859
136858
136923
136957
136876
136919
136909
136917
136875
136915
136933
136940
136862
136918
136972
136971
136970
136969
136874
136908
136869
136916
136968
136924
136936
136893
136932
136946
136945
136921
136884
136938
136943
136930
136927
136881
136873
136882
136948
136947
136931
136903
136965
136920
136895
136898
136897
136899
136896
136894
136892
136887
136883
136888
136966
136967
136870
136890
136907
136906
136959
136960
136961
136964
136963
136962
136877
136863
136864
136880
136934
136905
136922
136949
136950
136937
136865
136935
136954
136942
136902
136910
129826
130241
130247
129833
129825
130251
129831
130245
130246
130243
130244
129824
130240
129829
130235
129823
129832
129822
130237
130238
129828
130250
129830
130236
130249
130242
130239
130248
129827
130234
128232
128234
128216
128187
128243
128249
128190
128260
128179
128250
128225
128180
128226
128192
128253
128181
128245
128182
128262
128183
128261
128219
128185
128254
128236
128263
128267
128269
128265
128215
128259
128230
128217
128184
128242
128218
128247
128229
128221
121223
121310
121229
121325
121317
121284
121279
121228
121297
121326
121245
121237
121233
121269
121267
121294
121268
121217
121307
121249
121338
121239
121301
121262
121247
121265
121283
121313
121344
121329
121221
121246
121319
121324
121315
121244
121327
121243
121341
121236
121302
121303
121242
121241
121264
121290
121259
121293
121348
121305
121334
121272
121230
121287
121251
121270
121234
121312
121273
121288
121224
121291
121333
121343
121320
121311
121295
121335
121328
121266
121226
121331
121232
121227
121248
121220
121318
121308
121275
121276
121235
121219
121345
121238
121300
121261
121298
121260
121278
121240
121216
121289
121250
121258
121332
121322
121292
121253
121352
121304
121277
121336
121281
121339
121252
121255
121347
121256
121257
121323
121254
121231
121330
121342
121263
121321
121351
121299
121271
121296
121285
121309
121218
121282
129535
129500
129207
129206
129501
129515
129464
129534
129479
129463
129454
129453
129511
129512
129476
129490
129507
129496
129209
129208
129211
129210
129502
129212
129478
129517
129533
129499
129505
129504
129213
129434
129527
129455
129536
129530
129456
129509
129498
129444
129445
129506
129497
129446
129518
129477
129452
129531
129457
129523
129435
129447
129519
129469
129467
129475
129491
129492
129493
129448
129513
129437
129436
129524
129474
129481
129525
129489
129488
129486
129487
129484
129485
129471
129450
129521
129458
129528
129514
129508
129459
129510
129465
129466
129439
129438
129440
129503
129462
129482
129520
129470
129449
129451
129480
129529
129443
129441
129442
129526
129483
129468
129473
129472
132751
132671
132727
132783
132697
132713
132708
132728
132707
132738
132737
132773
132740
132739
132776
132786
132770
132748
132712
132672
132722
132724
132699
132676
132743
132744
132755
132771
132742
132749
132756
132772
132736
132745
132719
132725
132700
132705
132781
132784
132729
132703
132753
132787
132747
132730
132704
132777
132757
132763
132761
132758
132759
132760
132762
132766
132769
132706
132750
132675
132674
132701
132726
132714
132710
132746
132731
132711
132716
132717
132715
132779
132698
132673
132702
132774
132721
132720
132709
132764
132782
132718
132735
139557
139571
139624
139594
139612
139565
139600
139563
139640
139587
139569
139622
139638
139590
139583
139545
139558
139643
139548
139559
139555
139634
139546
139547
139542
139541
139620
139592
139595
139561
139556
139562
139642
139589
139616
139617
139585
139618
139613
139564
139553
139628
139566
139599
139552
139550
139609
139573
139578
139576
139582
139572
139568
139604
139630
139602
139539
139644
139560
139607
139615
139543
139603
139540
139581
139580
139610
139577
139579
139625
139598
139637
139567
139554
139606
139597
139586
139651
139343
139344
139364
139365
139367
139366
139345
139346
139347
139348
139350
139349
139351
139363
139284
139259
139342
139297
139267
139317
139290
139282
139296
139298
139299
139316
139263
139295
139260
139258
139285
139328
139324
139309
139253
139286
139333
139315
139249
139325
139271
139335
139251
139334
139262
139326
139329
139332
139341
139272
139331
139292
139327
139261
139310
139268
139275
139307
139252
139314
139248
139321
139264
139246
139287
139323
139340
139255
139291
139276
139312
139300
139294
139304
139319
139311
139320
139339
139308
139273
139256
139368
139269
139265
139301
139257
139274
139266
139247
139289
139306
139283
139338
139305
139337
139303
139313
139293
139318
139281
139250
139270
131667
131674
131672
131670
131488
131482
131496
131686
131487
131660
131679
131677
131673
131681
131680
131658
131671
131495
131491
131663
131676
131659
131494
131657
131485
131666
131483
131661
131493
131639
131664
131678
131684
131484
131685
131490
131683
131662
131486
131489
131665
128288
128283
128340
128343
128310
128291
128290
128327
128345
128296
128339
128338
128286
128332
128285
128312
128323
128329
128313
128308
128341
128334
128344
128322
128324
128342
128320
128297
128295
128301
128307
128289
128325
128330
128300
128333
128316
128321
128309
128336
121609
121615
121641
121644
121594
121669
121634
121583
121586
121610
121660
121589
121579
121623
121578
121668
121584
121572
121574
121616
121573
121605
121661
121590
121575
121647
121665
121652
121580
121596
121651
121650
121632
121625
121631
121588
121626
121602
121587
121611
121664
121597
121648
121640
121638
121656
121618
121617
121621
121598
121619
121633
121591
121657
121581
121595
121645
121571
121592
121612
121666
121659
121608
121636
121671
121627
121585
121607
121613
121637
121653
121649
121646
121606
121654
121624
121635
121577
121642
121628
121582
121639
121663
121662
121655
121629
121576
121601
121600
121603
121658
121622
121593
130010
130012
130011
130009
130013
129872
129885
129887
129894
130000
129839
129932
129928
129846
129931
130001
129900
129901
129952
129987
129953
129951
129871
129873
129874
129959
129853
129972
129989
129974
129991
129869
129870
129891
129886
129898
129897
129899
129889
129965
129922
129858
129926
129927
129923
129924
129877
129925
129859
129857
129930
130008
129862
129860
129861
129988
129876
129875
129845
129879
129878
129962
129838
129896
129890
129881
129882
129996
129970
129842
129990
129852
129934
129937
129935
129936
129954
129888
129939
129975
129940
129976
129980
129943
129944
129981
129945
130005
130006
129938
129947
129982
130004
129946
129984
129949
129983
129948
129979
129942
129978
129977
129941
129971
129843
129844
129921
129866
129966
129840
130007
129986
129985
129967
129867
129868
129854
129855
129851
129863
129847
129920
129963
129883
129884
129957
129956
129864
129865
129973
129955
134785
134402
134401
134857
134776
134810
134787
134808
134809
134817
134836
134766
134837
134404
134403
134779
134407
134406
134847
134408
134866
134865
134819
134825
134410
134790
134411
134806
134807
134835
134760
134814
134759
134850
134772
134811
134854
134792
134791
134773
134826
134777
134793
134771
134762
134761
134833
134412
134768
134840
134765
134821
134827
134815
134782
134844
134834
134413
134770
134831
134832
134846
134415
134780
134414
134848
134843
134781
134823
134824
134799
134800
134804
134805
134818
134820
134802
134803
134867
134839
134767
134784
134838
134860
134778
134862
134763
134822
134764
134783
134797
134796
134864
134409
134769
134842
134841
134816
134830
134416
134757
134828
134859
134858
134813
134788
134868
139177
139172
139171
139161
139122
139148
139160
139149
139121
139182
139175
139129
139139
139166
139140
139167
139130
139189
139188
139168
139144
139142
139141
139145
139181
139146
139147
139190
139183
139174
139193
139195
139187
139165
139126
139164
139125
139185
139184
139123
139124
139192
139186
139194
139136
139135
139159
139158
139143
139170
139180
139176
139127
139128
139150
139151
139131
139132
139157
139155
139154
139156
139162
139137
139138
139163
139173
139134
139153
139178
139179
139152
139133
126795
126819
126802
126812
126791
126821
126826
126799
126820
126786
126809
126801
126800
126792
126807
126810
126817
126813
126804
126789
126822
126797
126818
126814
126816
126815
126788
126796
126785
126787
126824
126808
126798
126811
126825
126806
126805
126803
139118
136099
136098
136105
136125
136090
136106
136126
136096
136140
136124
136108
136097
136145
136123
136121
136122
136100
136103
136104
136102
136129
136092
136091
136130
136115
136144
136093
136137
136107
136142
136131
136128
136119
136117
136118
136116
136141
136146
136094
136109
136112
136147
136148
136132
136133
136111
136095
125828
125827
125851
125878
125875
125841
125901
125882
125816
125881
125852
125822
125826
125823
125853
125808
125902
125829
125830
125817
125910
125876
125887
125810
125809
125899
125879
125872
125805
125888
125818
125889
125800
125835
125880
125862
125866
125900
125869
125885
125840
125837
125861
125801
125834
125860
125821
125832
125831
125854
125836
125867
125868
125824
125811
125855
125825
125865
125813
125812
125842
125845
125846
125856
125843
125844
125874
125848
125847
125819
125803
125802
125857
125903
125806
125890
125877
125863
125807
125815
125858
125814
125838
125911
125859
125820
125833
125804
125886
125870
125839
125850
125864
125905
125871
125849
137500
137503
137496
137497
137502
137498
137504
137499
137458
137457
137489
137494
137484
137445
137466
137463
137464
137446
137480
137485
137490
137486
137481
137491
137472
137449
137470
137469
137488
137483
137482
137487
137495
137501
120977
120963
121024
121002
120999
121031
120978
121003
121004
120962
120983
120974
121013
120948
120958
121014
121044
121054
121017
120976
121053
121010
121050
121006
121041
120955
120969
120982
120950
120986
120957
120970
121008
121027
120990
120972
121038
120981
120979
120954
121034
121019
120980
121030
120993
121026
121046
121057
121025
120952
120984
121021
121022
121049
120985
120959
120988
120994
121009
120964
121032
120949
121028
120991
121055
120995
120961
121042
121056
120967
121047
120987
121033
120965
120997
121037
121029
120960
121039
120989
121011
120992
121051
121001
121048
121045
120947
120971
121023
120953
120966
121040
121005
121015
121052
121020
121018
121000
121035
116249
116250
116248
116205
116255
116195
116221
116237
116051
116210
116202
116214
116052
116254
116244
116197
116209
116196
116201
116219
116235
116222
116246
116216
116050
116253
116252
116211
116251
116220
116212
116230
116199
116240
116227
116200
116238
116213
116215
116234
116194
116207
116217
116204
116241
116239
116224
116225
116226
116236
116206
116223
116231
116203
116243
116242
116232
116228
116053
116208
116245
116218
116247
116198
130478
130477
130521
130522
130509
130535
130524
130527
130493
130496
130479
130480
130514
130536
130497
130511
130518
130499
130517
130501
130520
130503
130482
130481
130532
130489
130488
130505
130507
130510
130525
130483
130515
130495
130519
130529
130491
130526
130531
130484
130537
130492
130512
130530
130485
130487
130494
130516
130528
130513
130523
138107
138106
138004
138053
138081
138010
138047
138068
138022
138100
138001
138039
138040
138021
138079
138005
138085
138003
138054
138025
138087
138028
138029
138097
138026
138002
137999
138020
138045
138105
138013
138051
138098
138101
138078
138009
138099
138102
138103
138057
138007
138048
138056
138104
138058
138060
138064
138016
138061
137997
137998
138023
138011
138012
138036
138091
138066
138082
138067
138083
138038
138092
138049
138027
138041
138076
138043
138018
138093
138014
138008
138044
138080
138015
138055
138095
138024
138019
138046
138017
138065
138062
138077
138084
138089
138086
138075
138050
138006
116119
116094
115871
116062
115860
116113
115869
116089
115861
115866
116093
116071
115864
116073
116082
116054
115859
116058
115862
116064
116059
116063
116055
116103
116086
116102
116107
116109
116084
116100
115868
116111
116123
116115
116098
115873
116096
116056
116069
116121
115872
116077
116083
116105
116065
116092
116078
116057
116075
116097
118064
118035
118050
118065
118042
118034
118054
118053
118055
118056
118051
118052
118057
118048
118037
118043
118044
118040
118039
118049
118046
118036
118041
118066
118047
118045
118038
127521
127522
127523
127524
127526
127525
127529
127527
127530
127528
127533
127532
127531
127534
127536
127535
127492
127491
127476
127065
127508
127462
127472
127513
127495
127460
127481
127497
127063
127493
127494
127455
127475
127454
127064
127514
127473
127068
127069
127496
132607
127500
127471
127456
127511
127509
127515
127516
134085
127457
127517
127512
127520
132606
132605
127459
127499
127461
127479
127470
127504
127488
127519
127501
127506
127489
127490
127465
127463
127464
127518
127467
127466
127474
127483
127071
127072
127485
127073
127477
127478
127066
127067
127468
127480
127062
127484
127482
127487
127502
127486
127510
127507
127498
130299
130300
130304
130305
130301
130306
130307
130308
130310
130309
130303
130302
130293
130272
130273
130224
130264
130290
130274
130225
130257
130266
130296
130256
130276
130259
130280
130295
130262
130287
130226
130268
130254
130258
130227
130291
130284
130267
130279
130269
130263
130292
130228
130223
130286
130229
130288
130261
130265
130230
130270
130271
130281
130275
130282
130285
130231
130233
130289
130232
130283
130294
130260
130298
130278
130277
130255
124948
125054
124942
124946
125052
125058
125036
125044
125047
124949
125039
125061
125062
124951
125060
125053
125040
125051
125064
125063
125049
125065
124940
125038
124943
125059
124944
125041
125045
125034
124945
124953
124950
124114
124116
124115
131475
131522
131505
131514
131509
131504
131476
131523
131521
131574
131575
131518
131510
131501
131511
131502
131530
131528
132798
131499
131527
132797
131576
131506
131507
131508
131512
131516
131497
131500
131503
131515
131513
131498
138740
138731
138944
138832
138776
138837
138786
138829
138824
138738
138725
138726
138836
138816
138933
138826
138830
138821
138941
138828
138809
138833
138851
138743
139117
138739
138724
138943
138967
138927
138946
138947
138822
138959
138823
138742
138831
138813
138812
138808
138841
138949
138811
138814
138827
138815
138757
138754
138768
138759
138753
138852
138770
138752
138762
138749
138769
138767
138761
138843
138765
138758
138785
138775
138777
138932
138727
138801
138802
138804
138797
138788
138806
138795
138798
138805
138973
138791
138800
138799
138792
138732
138965
138729
128665
128654
128653
128647
128686
128646
128684
128678
128658
128662
128657
128661
128694
128651
128695
128636
128643
128642
128664
128668
128682
128648
128645
128659
128644
128692
128655
128691
128690
128677
128671
128680
128656
128673
128693
128689
128679
128681
128660
128687
128663
128634
128685
128573
128715
128649
128641
128571
128640
128637
128650
128635
128639
128688
128638
128572
128672
128696
128666
128667
119573
119610
119586
119582
119590
119568
119629
119624
119612
119579
119615
119562
119572
119566
119608
119583
119577
119605
119556
119593
119598
119627
119592
119626
119625
119607
119584
119565
119563
119619
119558
119588
119601
119621
119571
119581
119564
119628
119606
119597
119599
119559
119560
119602
119570
119622
119617
119589
119613
119620
119576
119567
119591
119618
119575
119609
119557
119561
119595
119596
119574
119554
119555
119614
119604
119580
119587
119611
120579
120565
120590
120563
120559
120578
120551
120554
120555
120544
120594
120571
120540
120560
120564
120583
120582
120550
120545
120542
120557
120595
120552
120587
120599
120558
120576
120577
120593
120572
120597
120581
120561
120591
120547
120589
120598
120574
120562
120585
120543
120570
120553
120573
120567
120588
120546
120580
134336
134332
134333
134317
134338
134334
134347
134342
134328
134331
134312
134310
134316
134323
134329
134330
134321
134325
134326
134327
134348
134349
134319
134345
134313
134311
134318
136728
136709
136711
136727
136714
136718
136706
136717
136703
136710
136704
136726
136713
136721
136708
136725
136715
136699
136698
136697
136723
136724
136707
136720
136745
136738
136722
136742
136705
136729
122116
122139
122140
122131
122137
122121
122130
122122
122128
122115
122113
122125
122135
122133
122129
122124
122136
122117
122134
122138
122141
122123
122114
122126
122120
122145
122119
122118
122112
122144
122132
122143
122142
122127
136580
136579
136582
136581
136593
136584
136583
136586
136585
136588
136587
136590
136589
136591
136592
136568
136567
136531
136557
136556
136547
136570
136569
136565
136566
136564
136563
136538
136533
136553
136552
136536
136532
136550
136558
136555
136554
136572
136571
136535
136560
136544
136543
136534
136539
136551
136559
136561
136562
136549
136548
136537
126860
126836
126873
126852
126871
126859
126861
126856
126844
126849
126832
126831
126867
126851
126850
126838
126839
126854
126872
126853
126855
126834
126835
126833
126848
126870
126840
126864
126857
126868
126847
126863
126845
126862
126829
126866
126830
126869
126842
126858
126837
126865
133805
133783
133788
133803
133808
133806
133786
133807
133789
133787
133810
133809
133800
133804
133799
133801
133784
133797
133796
133785
133792
133802
133795
133793
133794
133811
133791
133798
117501
117503
117506
117504
117509
117502
117510
117505
117495
117513
117511
117512
117496
117508
117507
123535
123520
123499
123531
123515
123555
123557
123521
123512
123556
123548
123565
123553
123500
123541
123507
123537
123564
123518
123527
123543
123522
123513
123517
123560
123559
123547
123510
123536
123539
123526
123498
123524
123501
123519
123551
123542
123502
123562
123545
123496
123533
123497
123563
123532
123546
123529
123508
134642
134635
134625
134670
134649
134645
134630
134665
134666
134634
134641
134626
134651
134629
134636
134659
134669
134671
134667
134683
134684
134662
134627
134628
134646
134656
134657
134668
134650
134675
134637
134638
134660
134689
134652
134655
134632
134633
134661
134678
134677
134679
134673
134682
134680
134674
134676
134624
134658
134694
134647
134696
134648
134622
134653
134654
134664
134621
134672
134681
134639
134640
134695
134643
134663
127393
127392
127401
127376
127404
127396
127313
127402
127377
127406
127432
127412
127410
127398
127428
127403
127311
127425
127421
127415
127380
127407
127434
127431
127374
127383
127386
127387
127384
127408
127429
127375
127378
127400
127385
127419
127436
127388
127381
127382
127416
127379
127414
127395
127413
127417
127418
127310
127427
127423
127405
127426
127430
127390
127424
127435
127399
127420
127409
127391
127433
127389
127397
127411
127312
127394
120038
120045
120037
120060
120041
120056
120053
120068
120061
120049
120065
120054
120050
120029
120070
120062
120028
120031
120066
120055
120039
120027
120034
120059
120032
120057
120040
120042
120048
120026
120052
120064
120035
120043
120046
126010
125746
125747
126008
126013
126011
126005
126012
126007
125996
126006
126004
126003
125753
126000
125749
125743
126001
125752
125998
125750
125994
125742
125999
125745
125995
125748
126009
125744
125997
131120
131121
131141
131091
131092
131110
131107
131109
131099
131104
131103
131128
131122
131127
131126
131114
131086
131087
131119
131094
131093
131101
131111
131142
131097
131098
131100
131140
131118
131081
131082
131080
131090
131132
131079
131078
131089
131083
131133
131088
131135
131134
131084
131136
131137
131108
131106
131102
131105
131112
131130
131095
131124
131123
131077
131125
131116
131096
131117
131085
131115
131129
131131
131113
135951
135936
135946
135945
135950
135800
135873
135938
135937
135952
135755
135831
135832
135939
135774
135851
135744
135776
135741
135740
135799
135773
135772
135798
135752
135756
135942
135785
135784
135845
135931
135954
135753
135869
135904
135907
135796
135757
135885
135745
135837
135771
135770
135797
135871
135897
135896
135809
135808
135807
135870
135743
135891
135742
135874
135905
135889
135754
135816
135842
135749
135862
135909
135892
135815
135850
135803
135835
135836
135894
135944
135863
135814
135943
135855
135893
135857
135804
135910
135860
135861
135908
135764
135935
135947
135829
135864
135856
135830
135802
135801
135758
135941
135868
135867
135817
135903
135902
135827
135819
135826
135818
135872
135834
135840
135788
135858
135789
135792
135865
135763
135899
135898
135761
135882
135839
135875
135876
135883
135884
135901
135900
135847
135805
135806
135877
135878
135887
135886
135794
135793
135775
135866
135821
135940
135790
135914
135895
135750
135762
135766
135765
135859
135888
135844
135828
135746
135767
135747
135843
135769
135768
135825
135824
135846
135848
135849
135810
135811
135906
135880
135820
135879
135833
135841
135791
135881
135787
135783
118349
118439
118415
118384
118348
118396
118339
118327
118366
118354
118310
118409
118365
118426
118414
118370
118335
118383
118374
118413
118350
118346
118441
118428
118316
118433
118432
118420
118398
118340
118377
118333
118412
118359
118344
118418
118323
118407
118391
118427
118357
118380
118332
118342
118386
118373
118395
118311
118324
118394
118436
118313
118403
118401
118331
118371
118387
118315
118425
118355
118424
118336
118307
118322
118375
118343
118314
118390
118423
118382
118404
118405
118369
118306
118400
118417
118360
118442
118402
118379
118368
118347
118321
118319
118364
118435
118326
118378
118356
118446
118444
118328
118353
118419
118351
118392
118437
118312
118388
118320
118345
118399
118358
118337
118410
118429
118434
118430
118393
118416
118381